15048480504
18119419908
15293839089
18706895501
15884403137
13594200388
13540961396
18535563943
18757127142
15878848985
18570070766
18795182469
15030513195
15694296818
15639220522
15577175526
13610399849
15953438050
15617002839
13368987909
15192467123
15948904817
13101093717
15378923957
18283065087
13412186393
18624498822
15373475189
13204811293
15556656015
15543101664
15906311206
13533848581
13831102319
13619398026
18971911864
18223530369
15615046999
13593406789
13775491901
15272191402
17614908968
15162439895
18276083890
15299448487
13653138286
19996212248
13934015840
18614984367
18212292230
13551245075
18605315485
18249058072
18253966053
18285959399
15717083871
18649152559
13682682081
13258570217
15297901761
18686872417
18266763796
15872480847
18647603333
13280677470
18530397509
13933147115
13584061656
18963462676
13326249228
18647383500
13991855352
13732417526
18835982235
18518017592
15148094119
15044556674
18666206098
13647916940
13327595333
15198183898
15239361904
18522364192
13203172253
18515199205
15880253129
13845733795
18978602953
18371821271
17720507150
18653044748
17628507010
19939001300
15172225732
15947479073
15192997599
18607465518
18538888287
13933030619
15033402212
18383621746
15189911341
13540307953
13582735859
19952553393
13777782833
17647468588
17856925707
13645416820
18552528560
15259285667
18223804366
17802346007
18202548315
13738483231
13697876851
15922438518
13777276569
19556226791
15896696884
18330893739
15761421425
18586800795
13697299378
13349617760
18642552622
15062109603
15237054000
13280961813
13983755985
15141128432
13539794304
18385886746
13865802142
13964608771
17638158697
15704969993
18500060370
13856783466
18346420590
15065912950
18647941992
13250155285
15616294737
13190619568
15269971987
18211820191
15885991429
18686024735
15174553143
15577905486
13754628886
15110428289
18105669908
15605822115
15389199277
18874288910
13696681616
19894036721
13453649453
13525888990
15819605397
15104829333
15122823211
15285056819
15828639631
18935611329
13705233488
18640018338
18665232607
18698456222
15256628401
17681800025
13505890862
18023119592
19513168519
17726906799
18678228582
18698063654
17743110605
13808137180
13993635793
18612313036
15633086926
15818978578
15986447592
15222822609
15023758798
15272746516
16675606639
13091017183
18283439362
15580509467
15236785705
13857061787
18603797528
15106796920
15132599802
